CD   ID   FD   WD   ED   
11    2    4    0    7
12    1    4    0    8
15    0    3    0    12
21    6    10    4    7
23    5    18    1    4
30    4    7    13    10
31    9    22    3    6
37    10    22    2    13
42    8    22    10    10
48    11    30    4    14
58    7    20    20    18
81    3    7    44    30
91    12    32    29    30
......................................................
......................................................
Missions: 13 [P: 4 ,E: 9]
Rovers: 3 [P: 2 ,E: 1]
Avg Wait = 10, Avg Exec = 13
